tests/data/surfer-grid.grd
DSAA
      222       182
    0.000000E+00  1105000.000000
    0.000000E+00   905000.000000
     -251.926000      175.437000
[rows 78 to 103 of 182, columns 59 to 117 of 222]
-153.24000 -141.40700 -145.98900 -98.96830 -47.87880 -81.78630 -84.06230 -74.23490 -72.29620 -62.98270 -49.92080 -26.06610 -24.57110 -25.34840 -30.64460 -41.55430 -43.27110 -46.03560 -48.29680 -50.29830 -52.69130 -54.59410 -56.13120 -56.20130 -55.54930 -54.67750 -52.57340 -51.06170 -49.73130 -47.47560 -45.46510 -43.77330 -42.09520 -36.72700 -35.68050 -34.64280 -32.89150 -32.64310 -33.90560 -34.22230 -31.95090 -28.07340 -32.85790 -32.36700 -31.80130 -28.79260 -22.09670 -21.54390 -25.16380 -19.98890 -10.84570 -3.33010 -27.91150 -44.22310 -21.31480 -40.28340 -55.81820 -57.48130 -34.48180
-81.56620 -73.48250 -77.12790 -59.81450 -63.87900 -92.93870 -98.57860 -91.56270 -81.53810 -74.85600 -59.89250 -36.55330 -26.15110 -23.52640 -29.65000 -36.98810 -38.17620 -39.73580 -40.88670 -46.57610 -49.03280 -51.28920 -53.72840 -53.95530 -53.20940 -51.61860 -49.82270 -48.56770 -46.29540 -44.70160 -44.38750 -41.32250 -39.00160 -34.01440 -33.34750 -34.28170 -33.65970 -33.52760 -34.88380 -40.85780 -37.11420 -28.89410 -41.77440 -43.50580 -36.79710 -34.61830 -32.85070 -27.55630 -32.97620 -31.88570 -27.03100 -6.78420 -13.53990 -41.31430 -26.48110 -28.80790 -41.84740 -58.21100 -33.97120
-89.42840 -61.86190 -52.96660 -54.63320 -87.03290 -108.69500 -111.51600 -106.08700 -84.51040 -63.39750 -54.89200 -45.05130 -29.59720 -25.29160 -28.95930 -30.70160 -34.63090 -33.10300 -31.54340 -39.06560 -41.40820 -43.81260 -49.86660 -51.46530 -50.55500 -48.49490 -46.41600 -45.53070 -41.78370 -38.27140 -39.86490 -40.64890 -45.75490 -39.01750 -37.91400 -38.59640 -41.63580 -38.78000 -36.22400 -43.89390 -35.08960 -28.49190 -48.47310 -62.49250 -46.96680 -48.05780 -54.52100 -34.23300 -30.41800 -38.82780 -47.77330 -21.09850 -8.71060 -18.57210 -34.65230 -17.99060 -22.85480 -40.30230 -52.73550
-137.85900 -112.90300 -87.81080 -91.94200 -112.30900 -125.07000 -129.51700 -116.71000 -85.77220 -72.04600 -59.93640 -41.75700 -28.56590 -26.96350 -30.81100 -30.33140 -38.84220 -34.89970 -28.42080 -31.57810 -36.90950 -41.87870 -45.66210 -46.51230 -45.75710 -46.09000 -46.39360 -52.25400 -49.32670 -39.99770 -36.27830 -43.55670 -57.65670 -53.26550 -48.24970 -47.48070 -56.34560 -50.75440 -45.22510 -50.76720 -39.79230 -36.25180 -38.05730 -73.52390 -75.12650 -78.22790 -82.58690 -51.79040 -39.46180 -42.11220 -58.10290 -44.19340 -28.06900 -14.80620 -30.49470 -14.66170 -21.65610 -45.47360 -57.24330
-138.01500 -132.97200 -119.07200 -110.67300 -128.21600 -141.56800 -169.01100 -144.08000 -107.33900 -88.26510 -78.16940 -65.27910 -42.01470 -41.08440 -36.97710 -33.94600 -37.46950 -28.60010 -22.41750 -27.21460 -34.13470 -42.23330 -45.06100 -47.31150 -52.92010 -55.62140 -53.53850 -59.88770 -66.08300 -45.81350 -46.79750 -61.84270 -71.53240 -67.18780 -57.59150 -54.22450 -66.19960 -67.15710 -63.65680 -59.32500 -48.08630 -53.21120 -40.69270 -54.97830 -81.46180 -94.52150 -96.40840 -78.68630 -69.11110 -45.70060 -46.45570 -46.82960 -37.68760 -21.06250 -21.35040 -14.26860 -21.26890 -56.84020 -67.94730
-149.28100 -139.83600 -138.38200 -135.19700 -153.91000 -186.69400 -233.23200 -183.85000 -117.50500 -93.10450 -90.68910 -75.90630 -83.60690 -73.68310 -61.84440 -30.41670 -21.69950 -14.30430 -13.25210 -22.82740 -29.34700 -36.68740 -41.67150 -44.82340 -58.48360 -69.65350 -52.96310 -47.69740 -56.93980 -49.38540 -71.52980 -79.91260 -79.83410 -80.69960 -65.41220 -54.34740 -76.45900 -80.63620 -70.78630 -64.18030 -72.97120 -69.38390 -53.84040 -36.96080 -46.07980 -76.53650 -98.16410 -99.66850 -87.54560 -59.44810 -56.50380 -55.95340 -50.10200 -25.15690 -20.99990 -18.03870 -16.97040 -55.92830 -60.36080
-165.70300 -147.32500 -161.15300 -149.74200 -156.89500 -185.26100 -216.92000 -193.51800 -132.86500 -107.04000 -98.67710 -81.03430 -69.81970 -54.10540 -43.09650 -24.14970 -18.36910 -19.92450 -22.12090 -18.15030 -21.82180 -28.65450 -35.10400 -35.51190 -43.93030 -61.30160 -59.94490 -56.17230 -48.01910 -57.35320 -76.67840 -79.15220 -91.31810 -95.42250 -77.90700 -65.03990 -65.24460 -80.63060 -75.69080 -70.30660 -81.41220 -70.77010 -55.21130 -43.56450 -44.65640 -66.75120 -100.05300 -116.96800 -104.94300 -62.61150 -53.70290 -63.55460 -56.84450 -35.44460 -29.01860 -45.61060 -38.81560 -46.89660 -65.82580
-198.47300 -177.33000 -202.42200 -171.55000 -151.96700 -167.05900 -197.83800 -205.86300 -138.99400 -122.22100 -110.76900 -79.71560 -51.91360 -37.43680 -31.49010 -28.79840 -29.35390 -32.58170 -32.48460 -21.25600 -20.51910 -26.99160 -35.21770 -34.38660 -39.56790 -54.32410 -60.74400 -57.61130 -49.59270 -59.41420 -72.73840 -80.00250 -97.74020 -100.97600 -90.36910 -81.35650 -88.54130 -104.39300 -92.06230 -76.24740 -96.87000 -76.26150 -64.15220 -61.40660 -51.59400 -53.22910 -82.98540 -124.40800 -108.13800 -87.41330 -61.38200 -73.94300 -66.83560 -46.87240 -36.88280 -48.25010 -64.64620 -39.31610 -51.78550
-195.07700 -158.67400 -197.17900 -192.73100 -165.17400 -153.24000 -180.22300 -225.47500 -172.52700 -160.09600 -118.67200 -71.87680 -35.94050 -27.98290 -30.72420 -43.81450 -48.14720 -50.23290 -48.39710 -25.21570 -22.29990 -31.67750 -47.53930 -40.93560 -41.71230 -57.04210 -67.22050 -63.95350 -50.94820 -62.07800 -73.12850 -78.09270 -105.93400 -106.10200 -102.00300 -95.59830 -110.68400 -137.76400 -137.99800 -102.08500 -104.28200 -99.79690 -102.47500 -96.75330 -85.13620 -58.28210 -108.28200 -113.09000 -115.04600 -116.36700 -70.72680 -59.01670 -55.74440 -38.88770 -36.81650 -39.64770 -60.88140 -33.70760 -34.68250
-159.41900 -137.84700 -183.29500 -187.96800 -193.47200 -164.74400 -196.84900 -227.82100 -149.01100 -165.78100 -126.98800 -91.83750 -52.97820 -37.77800 -50.95240 -76.79150 -76.79670 -66.32210 -53.58740 -36.99300 -26.70100 -44.88400 -73.28850 -62.84330 -63.46190 -75.83440 -77.89480 -77.77750 -70.95690 -62.29330 -86.37430 -89.24480 -107.37600 -97.60330 -114.73000 -121.39500 -131.47000 -148.43200 -142.84000 -125.50300 -128.82500 -151.95900 -148.14600 -129.25600 -97.44340 -62.97900 -104.86500 -116.47700 -135.82500 -142.38500 -81.52340 -53.92890 -50.54120 -63.77440 -53.97650 -51.18290 -52.51330 -33.32390 -38.61540
-123.47000 -156.10700 -183.90600 -173.87600 -185.82800 -158.30400 -175.77300 -219.76200 -170.05700 -187.30400 -141.43900 -130.40000 -88.49870 -54.54730 -47.03070 -78.05360 -70.10470 -60.19640 -45.65590 -41.37830 -29.83960 -35.23210 -52.20380 -53.94960 -62.27250 -81.10770 -102.99200 -104.77600 -90.95410 -50.99320 -61.04130 -63.81500 -67.55750 -60.91840 -72.42230 -83.57350 -78.53200 -83.77740 -83.54410 -90.38300 -89.73940 -98.95990 -107.43900 -121.09100 -97.61970 -67.00000 -122.40400 -154.69700 -178.91500 -186.92800 -94.06370 -70.08690 -70.61700 -130.23700 -95.03070 -74.92080 -71.39850 -35.76770 -40.65940
-108.79300 -141.98200 -162.04800 -166.77200 -176.32600 -163.17500 -141.16100 -150.87300 -214.50100 -173.47600 -124.45200 -117.25300 -81.26770 -66.19020 -65.98460 -93.06030 -82.80930 -68.15840 -54.16830 -46.02840 -38.09230 -35.63110 -44.97810 -57.26710 -59.39630 -70.97980 -105.47600 -111.19200 -106.52000 -63.45280 -57.05990 -44.65970 -69.44390 -77.97210 -68.67470 -65.96100 -64.97490 -63.28940 -64.51610 -65.98060 -69.08860 -67.69810 -67.63500 -102.03800 -103.75900 -77.90300 -150.44300 -189.25700 -212.00700 -179.03000 -131.62400 -98.46180 -83.45020 -144.58700 -139.36800 -105.01700 -90.11920 -39.50280 -46.23730
-81.15710 -106.59400 -135.97200 -167.71000 -175.88400 -190.96500 -149.77900 -118.66400 -187.55800 -159.22000 -151.38700 -138.63200 -93.52790 -89.52010 -87.30420 -133.36700 -123.04800 -101.45100 -89.60590 -52.83900 -51.28880 -71.94850 -76.57300 -93.14840 -76.63120 -69.69950 -85.72620 -107.03800 -134.16400 -95.04580 -75.08380 -58.65230 -122.43000 -126.34900 -99.07370 -101.01900 -126.52700 -97.78220 -97.99540 -121.36800 -130.38800 -116.96800 -86.03310 -92.84250 -95.76580 -100.81800 -110.34000 -119.64700 -133.00200 -130.95600 -165.29200 -149.83400 -123.57500 -139.90500 -155.84900 -113.74300 -61.14210 -56.54650 -53.98440
-75.98030 -74.94630 -86.56200 -108.16100 -112.62100 -125.68700 -107.02400 -89.06170 -92.32280 -127.79500 -163.33100 -179.42900 -142.07200 -118.33200 -96.98090 -147.16500 -140.25000 -110.64000 -93.16100 -69.40460 -77.65350 -89.46630 -105.81700 -112.87600 -83.60170 -87.28850 -97.66200 -101.83000 -120.95400 -101.06500 -69.62460 -75.45110 -144.08100 -147.10500 -135.83800 -152.46900 -154.30000 -116.29200 -111.82600 -162.43900 -153.58000 -127.01100 -124.56300 -94.95010 -81.28160 -111.12600 -107.52300 -102.24200 -99.20080 -140.61800 -133.79000 -126.40400 -120.83100 -126.06100 -131.44900 -107.27700 -66.21210 -63.76790 -61.49980
-129.44500 -113.95500 -86.70400 -86.40960 -94.44110 -94.93810 -103.39400 -101.35100 -99.90670 -93.96050 -121.76800 -161.42400 -159.76400 -135.58900 -126.79100 -146.08200 -135.68500 -109.59600 -81.14110 -94.80450 -107.00100 -91.66410 -126.76800 -106.40100 -92.32460 -121.62600 -139.83200 -118.37800 -109.39900 -114.84400 -92.32580 -103.04200 -134.54800 -131.68300 -135.98900 -160.42700 -169.71400 -162.15700 -150.22700 -180.73300 -141.94500 -121.53000 -147.63700 -124.98600 -96.86990 -101.06400 -149.12900 -156.82000 -139.17700 -136.56300 -115.01900 -108.34600 -113.51300 -116.46000 -116.97700 -106.20700 -63.02430 -71.58500 -59.90340
-150.99800 -139.42000 -121.28400 -112.71900 -121.96500 -126.49200 -169.84300 -194.63900 -178.63700 -112.21900 -118.10900 -126.84500 -170.27900 -176.00100 -173.69900 -155.37500 -144.61500 -119.83600 -95.75860 -98.10100 -125.93500 -120.81700 -111.41900 -94.13010 -97.54350 -126.75800 -156.87000 -132.64700 -118.07900 -126.72000 -120.67500 -135.47500 -137.94500 -134.55200 -125.79500 -133.04100 -182.36200 -188.01300 -198.32700 -203.93100 -160.63600 -147.45300 -163.79600 -153.78700 -125.09400 -117.53600 -163.23300 -168.33800 -155.40700 -136.45900 -101.30200 -98.97030 -115.72200 -111.59600 -105.56000 -103.63500 -65.81200 -78.99020 -86.13780
-151.30200 -154.99200 -156.08500 -143.47100 -160.72400 -152.74200 -184.32000 -201.94700 -193.30400 -148.13200 -131.65400 -126.85300 -157.47800 -179.08600 -196.75600 -172.92400 -162.97900 -144.10700 -127.43400 -115.94300 -143.46000 -137.00200 -102.22400 -99.54670 -110.95600 -127.81100 -173.30000 -147.67700 -143.32100 -133.87800 -143.94800 -167.09900 -165.16500 -174.54100 -163.76200 -147.53000 -169.69000 -185.70000 -206.23600 -193.81400 -170.73600 -160.46000 -171.29800 -159.52800 -140.90700 -115.36900 -178.12800 -169.62000 -169.27900 -161.66600 -121.72600 -123.31600 -140.80700 -114.97600 -106.27600 -91.99730 -71.69580 -82.85450 -98.99860
-126.05100 -135.59300 -179.02000 -166.24100 -158.47100 -146.18600 -182.74800 -188.57700 -201.41800 -174.44200 -155.45900 -130.91800 -143.46100 -156.73000 -174.56200 -177.00400 -163.79800 -151.28500 -142.24200 -129.41700 -134.96400 -126.76900 -111.63100 -104.37100 -117.12400 -144.10900 -174.49100 -162.23800 -160.12200 -157.45200 -164.89900 -174.50600 -176.90500 -179.11900 -168.18200 -157.78200 -161.05000 -171.44500 -207.18800 -177.45600 -173.31300 -163.54900 -182.10900 -161.66400 -162.89700 -132.69400 -156.67200 -159.15300 -182.71300 -214.27400 -186.53000 -164.30300 -154.95900 -141.91300 -143.02300 -105.58700 -79.73050 -85.72100 -96.13180
-114.10100 -130.53100 -148.66200 -153.05400 -137.88200 -182.21600 -195.12500 -168.53200 -208.58900 -205.07100 -199.42900 -184.70500 -136.15600 -133.12800 -148.91900 -175.89100 -156.84900 -149.94900 -151.91600 -130.62900 -127.46100 -118.76800 -124.73200 -107.41000 -120.84000 -159.73500 -186.22200 -170.37100 -172.81700 -173.04500 -176.83800 -173.17400 -178.46600 -177.33000 -166.45400 -170.75500 -178.52900 -165.86300 -173.19400 -180.54700 -188.12000 -183.31100 -184.17200 -159.46700 -151.87900 -131.21300 -158.88100 -195.31300 -239.75800 -204.81000 -199.91300 -184.93500 -177.86300 -145.84300 -146.53900 -143.25900 -105.73900 -104.61000 -107.33300
-118.10600 -137.44100 -134.14800 -120.18300 -134.02400 -146.08500 -187.60000 -152.75500 -189.38700 -244.99100 -251.92600 -221.23500 -179.75700 -145.57300 -136.31500 -157.71100 -160.04900 -149.19100 -157.57500 -126.71400 -129.89600 -132.00200 -146.07900 -120.32600 -129.99000 -175.79300 -183.80200 -191.93400 -175.60200 -169.72600 -170.17700 -161.61800 -182.05100 -173.86700 -167.83400 -185.44900 -202.36300 -167.63100 -143.58400 -190.28600 -198.69300 -190.09300 -169.63100 -163.04100 -160.82500 -163.37600 -210.69300 -201.12800 -203.81000 -216.07100 -214.97400 -188.25700 -185.82200 -160.46700 -144.79300 -141.17900 -123.09700 -113.35800 -92.88450
-122.29800 -124.92600 -134.20900 -111.20300 -113.00400 -128.84500 -166.30300 -131.56100 -147.37000 -200.35900 -226.98800 -231.43000 -199.36100 -181.87900 -165.90900 -177.64700 -163.78300 -158.14300 -174.27100 -157.42500 -173.95100 -164.56400 -162.01000 -159.79400 -164.29800 -178.59800 -180.53000 -172.61800 -172.61500 -169.04700 -167.56600 -159.78300 -181.96400 -151.88400 -162.02000 -199.91300 -184.67300 -186.74800 -167.95000 -163.14400 -180.74300 -184.52000 -179.62800 -177.95100 -181.71900 -192.55400 -172.28200 -170.72900 -151.49200 -174.55500 -173.03000 -152.06700 -139.89800 -143.75200 -143.05300 -142.16200 -115.88800 -89.87490 -67.39190
-109.88000 -104.62800 -116.30300 -123.28100 -106.89200 -105.18400 -123.99600 -123.70100 -133.06300 -137.36200 -157.00300 -205.10400 -173.75900 -156.69900 -165.16700 -219.78200 -151.16400 -142.18700 -159.36200 -165.00500 -167.60400 -166.99900 -167.81400 -192.99300 -174.26500 -173.09400 -170.73500 -165.41100 -179.65000 -194.82400 -185.73000 -156.11900 -173.02100 -138.68300 -143.51300 -167.57100 -169.68200 -188.20600 -197.22800 -154.37100 -158.25900 -176.63400 -183.40000 -174.61500 -178.96900 -163.90200 -148.11900 -144.55100 -130.15100 -114.17400 -117.94700 -117.33800 -116.18800 -114.88600 -113.70000 -107.79400 -98.78060 -76.39400 -64.00560
-117.55300 -115.93800 -101.36000 -100.51000 -93.07530 -85.74600 -95.65650 -97.00800 -106.66500 -153.95000 -164.79800 -176.48200 -128.38900 -131.93300 -155.16900 -207.77700 -191.40500 -172.70800 -141.99100 -170.40900 -171.73300 -162.37100 -140.26800 -159.58800 -164.08100 -179.02400 -158.34200 -151.92000 -162.96900 -182.57300 -171.51700 -134.42200 -140.95700 -147.22500 -152.12200 -144.07400 -163.20700 -181.54400 -203.87800 -192.76600 -188.08700 -167.76600 -177.26600 -175.18700 -174.35800 -184.75900 -171.88200 -137.02900 -118.61800 -126.80000 -141.91000 -149.83800 -164.50300 -137.50300 -112.07400 -101.38300 -89.91410 -77.02670 -69.42390
-125.92600 -121.87400 -88.90570 -78.21520 -81.64600 -93.16810 -110.43900 -102.80700 -104.07200 -117.30000 -124.16400 -122.61500 -118.76200 -131.82200 -148.17200 -167.87300 -212.88500 -190.92200 -154.81200 -149.31400 -174.01400 -167.81800 -140.65700 -136.13300 -135.65800 -141.27900 -139.29800 -130.63900 -139.35500 -168.79900 -144.24500 -120.26800 -141.08200 -170.85900 -191.09900 -158.86700 -162.09600 -176.10400 -186.35600 -203.47900 -189.35100 -157.72400 -177.16900 -176.63200 -167.00400 -200.17000 -197.19700 -169.17900 -134.07200 -170.36800 -169.49500 -171.77200 -171.39200 -159.07500 -148.93700 -129.57700 -107.26000 -93.11010 -94.04790
-101.91900 -94.89740 -82.79630 -76.59480 -86.94210 -100.06900 -121.82100 -120.24400 -120.18000 -102.47600 -104.85100 -104.47900 -139.30600 -143.10200 -153.48000 -153.69400 -149.69600 -157.40300 -161.92200 -126.04200 -165.02200 -175.06500 -186.17500 -173.60700 -154.75100 -132.62000 -132.15600 -133.38600 -129.40900 -130.92200 -122.03000 -127.46100 -166.56900 -175.06400 -197.81700 -177.51600 -173.82800 -163.03300 -162.72000 -192.77200 -176.57000 -166.63800 -158.89600 -150.14000 -137.52300 -180.20000 -197.53600 -185.36300 -148.33400 -188.72300 -189.81900 -184.96500 -177.48800 -175.65400 -171.17800 -161.99000 -132.66700 -111.72600 -100.23500
-91.25580 -86.50720 -79.44380 -78.58670 -85.75360 -92.90260 -106.23200 -107.17100 -112.50700 -128.48200 -130.99500 -112.99100 -117.42300 -125.98100 -135.80400 -142.56600 -157.97800 -178.59600 -164.64900 -120.38600 -156.28600 -166.46700 -220.40100 -205.48200 -182.91800 -183.32300 -162.41300 -157.44300 -141.81800 -128.91900 -123.31100 -126.78600 -140.16400 -150.20100 -169.74100 -176.41500 -187.46600 -172.99000 -157.26000 -171.47600 -180.79400 -197.15200 -180.58900 -171.57200 -148.88000 -157.08300 -175.20200 -172.51500 -162.92800 -185.92800 -197.94000 -196.98500 -183.47800 -187.56900 -186.15600 -193.70000 -174.97800 -143.06800 -97.39110
