tests/data/surfer-grid.grd
DSAA
      222       182
    0.000000E+00  1105000.000000
    0.000000E+00   905000.000000
     -251.926000      175.437000
[rows 52 to 77 of 182, columns 59 to 117 of 222]
-23.75350 -24.23960 -32.90710 -36.85080 -40.62870 -44.58880 -47.33450 -51.00350 -57.43640 -62.97070 -62.93960 -59.93240 -57.99550 -53.77090 -49.10030 -48.44220 -50.48760 -55.05250 -52.19540 -52.11500 -53.35050 -58.29070 -48.38260 -42.68140 -47.52690 -54.74070 -65.84420 -70.77920 -70.05120 -72.00380 -80.93870 -86.35300 -102.25500 -105.22700 -87.22570 -87.89500 -87.29910 -91.13710 -98.05430 -101.34300 -111.09800 -127.66700 -130.83500 -124.68000 -123.62100 -122.63000 -121.19400 -122.17700 -127.11000 -124.30700 -119.98600 -116.86600 -116.15400 -113.40500 -110.12400 -105.90100 -102.28600 -99.75270 -98.12450
-26.59070 -26.50090 -34.16100 -40.49410 -45.25370 -49.69020 -52.77550 -56.03370 -61.43620 -67.49140 -71.04020 -66.37340 -66.94180 -67.16970 -57.51840 -57.62050 -60.03540 -61.75980 -56.39380 -59.01010 -63.37430 -68.55800 -64.90250 -59.28960 -60.81060 -65.84610 -87.25950 -92.25820 -84.74460 -77.70900 -89.12690 -96.04010 -111.13300 -115.35000 -102.02900 -100.67200 -97.16370 -104.86200 -104.43600 -102.12600 -109.89600 -136.47700 -134.70200 -127.93700 -123.40300 -121.51400 -121.58300 -123.35600 -126.41300 -122.98600 -118.94800 -116.19700 -114.72300 -109.90200 -107.04600 -103.59800 -100.45800 -95.73960 -93.68630
-27.28870 -26.05640 -35.38250 -42.23390 -47.66530 -52.18240 -55.88830 -58.84110 -63.22780 -68.91320 -75.13950 -75.10390 -72.57370 -71.99390 -63.81120 -64.12730 -64.37190 -62.99870 -61.06060 -61.91540 -64.23390 -67.40180 -68.13020 -66.54980 -69.32160 -75.14740 -96.46020 -107.59600 -103.09200 -86.62710 -91.24220 -98.68090 -105.46600 -107.97400 -102.80900 -103.73300 -102.34400 -103.81300 -107.11600 -106.10500 -111.93500 -129.04600 -131.74600 -128.71100 -124.47600 -121.14400 -120.40100 -121.83400 -125.24300 -120.04500 -116.23900 -113.31300 -110.87100 -104.94600 -102.50200 -99.72300 -97.11110 -92.52790 -89.98320
-24.81970 -26.78560 -38.06330 -43.81870 -49.33900 -53.83760 -58.38280 -60.32240 -63.48290 -68.09090 -78.10040 -78.91830 -76.14180 -73.82540 -69.67320 -68.78690 -68.03300 -66.20010 -64.50280 -63.99690 -65.42270 -67.88640 -69.54760 -70.01630 -73.76880 -81.68300 -102.77300 -116.26600 -112.76700 -96.32540 -93.11420 -99.32860 -105.56600 -105.79700 -107.92300 -111.51600 -111.47000 -112.33800 -114.60400 -110.11900 -110.48800 -122.81700 -126.08700 -126.38400 -123.48900 -118.89500 -117.37400 -117.37400 -118.55100 -115.33200 -112.67600 -109.36000 -106.64500 -101.97900 -99.47430 -96.44620 -93.90950 -88.73130 -85.74840
-19.34040 -25.11190 -38.89020 -45.08940 -50.77340 -55.42400 -61.35140 -62.72770 -64.43060 -67.87310 -80.13120 -80.77300 -78.15910 -76.36120 -75.16150 -74.51670 -73.57670 -71.36130 -69.34470 -67.53120 -68.50550 -70.77870 -72.70090 -73.38930 -77.91090 -83.45300 -109.59900 -126.21500 -123.32200 -102.08900 -94.42900 -103.09200 -111.61600 -106.62000 -114.61300 -121.33700 -118.85300 -113.92600 -118.24600 -116.94100 -114.49500 -114.74600 -116.86400 -118.81000 -118.94900 -115.75200 -114.63400 -113.33100 -112.61700 -110.01400 -107.98000 -105.61500 -103.28400 -98.58590 -95.96500 -92.94050 -90.10280 -83.98820 -80.61170
-18.22980 -24.37890 -31.89660 -45.23250 -51.09440 -56.47040 -65.95800 -67.51010 -68.48560 -70.39290 -78.45450 -80.90100 -81.52370 -82.28440 -84.24670 -83.87570 -82.80720 -80.43640 -77.94840 -76.49830 -76.58230 -78.16690 -78.72090 -81.52950 -86.83220 -90.87270 -116.20600 -130.35000 -128.00400 -115.11900 -102.09700 -114.16600 -121.43000 -114.73800 -121.80000 -128.92800 -125.50000 -118.43300 -119.00500 -120.68300 -118.51100 -115.07300 -113.44500 -114.07700 -114.37900 -113.06100 -112.30100 -111.07500 -109.73400 -106.27800 -104.27300 -102.01100 -99.62780 -94.41660 -91.48690 -88.14350 -84.96710 -78.09990 -74.33760
-17.97540 -23.84450 -31.10830 -44.44430 -50.64150 -56.95020 -69.65650 -72.31010 -72.99420 -74.22260 -78.88570 -82.02810 -84.28430 -85.70960 -87.66940 -88.08080 -88.25190 -87.27330 -84.74140 -84.18640 -84.42350 -84.91150 -86.17280 -90.33060 -93.04710 -95.18070 -109.05400 -117.02800 -117.50700 -119.71100 -111.39600 -111.74500 -114.51200 -117.32800 -120.27300 -127.17800 -123.75500 -119.27200 -119.68000 -121.18600 -120.04200 -115.50900 -112.70100 -111.22100 -111.14300 -110.65400 -109.80800 -108.62500 -107.02100 -103.02400 -100.67600 -98.13410 -95.38490 -89.32040 -85.95790 -82.39600 -78.91120 -71.37850 -67.41580
-17.16140 -22.58830 -29.49960 -42.82210 -49.36610 -56.10850 -62.99180 -73.29230 -75.50190 -76.71530 -80.89140 -84.00060 -86.72900 -88.76620 -90.98370 -91.21970 -91.92040 -91.91040 -90.06900 -89.93710 -89.93500 -89.92380 -91.42040 -94.60950 -96.09870 -98.05260 -106.91400 -113.91600 -115.37000 -121.38500 -119.36800 -114.64000 -111.96900 -113.57800 -116.75300 -119.55200 -118.19900 -116.68700 -116.59700 -117.00400 -115.62700 -112.31200 -110.77200 -109.68500 -109.17700 -108.15600 -107.10300 -105.94100 -104.12600 -99.49400 -96.76030 -93.80180 -90.65470 -83.68750 -79.96610 -76.25130 -68.61230 -64.61830 -60.53810
-14.90520 -20.02910 -26.89210 -40.32160 -47.09910 -53.94050 -60.74010 -72.44310 -76.08120 -77.69900 -81.77040 -84.50050 -87.11540 -90.00680 -93.63160 -93.97830 -94.49300 -94.88000 -94.14400 -93.93650 -93.79730 -93.57610 -94.28360 -96.18600 -97.90680 -100.04100 -106.97200 -113.05000 -115.20300 -117.78400 -118.68300 -118.32800 -115.00000 -112.75800 -112.99000 -112.99900 -112.71300 -113.14900 -112.95600 -113.10900 -111.61600 -109.52600 -108.75900 -108.05700 -107.38800 -105.53800 -104.15500 -102.67300 -100.57200 -95.49620 -92.48290 -89.19680 -85.69030 -78.14080 -74.23340 -70.32710 -62.32130 -58.27000 -54.12410
-11.61250 -16.59540 -23.41910 -37.11370 -44.09780 -51.25190 -58.17230 -70.61160 -74.74020 -77.72360 -80.77540 -86.07950 -89.01580 -92.21880 -96.29520 -96.49850 -96.84680 -97.21520 -96.88680 -96.53110 -95.87020 -95.43780 -95.17200 -95.94030 -96.98750 -98.60040 -103.88600 -107.02100 -109.99100 -112.23500 -112.71600 -111.87300 -111.94100 -110.62700 -109.26200 -109.00400 -108.98100 -109.10100 -109.20400 -109.80500 -108.90700 -107.48000 -106.78400 -105.98800 -105.02400 -102.25000 -100.45500 -98.66310 -96.25750 -90.73250 -87.59550 -84.22730 -76.77690 -72.80850 -68.81530 -64.86540 -60.81250 -55.81650 -51.31640
-11.12450 -14.11590 -20.20040 -34.23280 -42.11280 -49.77390 -56.58040 -69.35780 -73.97700 -77.88550 -82.07950 -88.03290 -91.32900 -95.02950 -98.89700 -99.23730 -99.84670 -100.31200 -99.46050 -98.30760 -96.69150 -95.81260 -94.89180 -94.96510 -95.30640 -96.38170 -100.07100 -102.44300 -104.81200 -107.07600 -107.88900 -106.01400 -106.03800 -105.48100 -105.85600 -106.42700 -106.79100 -107.01900 -107.06200 -107.47600 -106.81300 -105.27900 -104.36300 -103.23400 -101.78500 -98.22740 -96.06320 -93.85420 -91.14200 -85.25180 -82.08460 -78.73690 -73.74040 -69.97810 -66.13740 -62.07240 -56.67390 -52.53980 -48.42130
-11.72960 -14.13850 -20.85180 -32.89970 -42.66540 -51.06830 -57.00110 -68.92040 -73.77120 -78.06160 -81.97010 -89.51130 -93.51020 -97.01280 -99.88440 -99.54110 -100.02600 -100.42400 -99.09740 -97.57610 -96.12000 -94.93960 -93.67960 -93.56970 -93.53700 -93.80540 -95.26480 -96.88860 -98.74140 -100.30500 -102.02300 -101.62900 -101.71500 -103.03800 -103.82000 -104.48400 -104.90400 -105.12000 -105.04000 -105.23100 -104.54800 -102.63200 -101.29300 -99.72570 -97.87610 -95.81530 -93.61880 -91.05550 -86.94490 -82.63740 -79.35360 -76.06960 -71.36340 -67.43800 -63.46070 -59.53280 -51.45290 -47.43730 -43.44100
-11.35160 -12.81410 -17.85600 -24.38660 -38.67520 -49.90680 -58.09910 -68.69080 -74.46230 -79.01050 -83.34820 -90.01400 -93.97590 -96.46000 -98.65700 -97.83280 -97.33330 -96.96550 -95.90400 -94.97730 -94.12130 -93.28400 -91.94600 -91.60130 -91.53200 -91.42350 -91.69670 -92.28540 -93.36310 -96.27610 -97.12640 -97.66730 -98.69180 -100.65100 -101.53800 -102.26500 -102.70300 -103.59300 -103.84100 -103.88600 -103.15200 -101.23100 -99.64970 -97.82930 -95.15500 -93.42930 -90.89160 -88.30480 -82.36420 -79.26810 -76.02280 -72.68120 -65.50860 -61.70340 -57.87140 -54.03030 -46.29460 -42.42470 -38.60460
-7.74900 -10.19800 -15.22860 -29.68220 -38.97680 -48.70190 -56.44290 -68.71810 -74.17650 -78.96240 -83.05170 -90.44210 -93.96570 -95.88570 -96.91810 -96.76170 -96.16880 -95.60490 -94.76330 -94.04360 -93.32190 -92.53330 -91.45230 -90.97310 -90.77470 -90.66520 -90.76610 -91.14430 -92.15150 -94.40940 -95.52590 -96.42140 -97.70900 -99.70350 -100.86000 -101.86800 -102.93400 -102.95400 -102.70600 -102.52900 -101.79900 -99.29720 -97.62480 -95.59350 -90.79510 -88.05870 -85.16010 -82.25740 -75.96310 -72.78220 -69.51200 -66.13850 -59.14370 -55.50010 -51.80410 -48.11480 -40.73030 -37.07530 -33.49080
-5.61230 -6.66620 -11.33840 -24.11290 -31.51770 -40.42660 -49.72570 -65.58430 -70.64600 -75.63600 -81.09620 -88.74790 -92.02720 -93.85250 -94.31380 -94.95240 -94.56250 -94.21610 -93.52020 -92.96980 -92.27970 -91.58090 -90.47950 -90.05730 -89.84550 -89.85120 -90.16030 -90.55920 -91.36630 -93.59550 -94.65120 -95.55740 -96.69780 -98.94570 -99.84150 -100.48200 -100.89800 -100.81800 -100.34600 -99.63270 -98.69540 -95.65490 -93.50990 -91.03470 -85.45330 -82.34280 -79.09580 -75.84610 -69.25190 -65.93390 -62.58670 -59.19160 -52.32030 -48.84050 -45.33880 -41.83440 -34.87270 -31.46610 -28.12200
-14.86300 -7.92450 -8.94060 -19.51950 -26.18520 -33.23870 -41.01350 -57.48940 -62.86400 -68.05200 -73.87480 -83.02900 -86.82230 -89.10510 -89.85620 -90.68500 -90.97800 -90.86580 -90.47510 -89.98660 -89.34840 -88.71410 -87.61630 -87.24730 -86.99000 -86.86740 -87.73030 -88.37160 -89.18840 -91.29790 -92.39850 -93.36710 -94.36070 -96.23100 -97.12970 -97.63500 -97.80830 -97.41170 -96.79580 -96.00180 -94.83670 -91.14150 -88.74680 -85.90230 -79.53580 -76.15990 -72.61760 -69.16430 -62.29020 -58.81870 -55.39270 -51.88110 -45.25130 -41.96110 -38.53350 -35.21950 -28.81080 -25.72360 -22.80900
-21.47120 -9.97450 -7.22610 -14.54210 -20.02820 -26.43130 -33.76510 -49.32770 -55.98510 -61.78290 -67.38610 -76.58670 -80.18930 -82.93550 -84.88820 -86.85880 -87.34970 -87.36120 -87.12910 -86.70900 -86.15750 -85.57140 -84.47650 -83.91860 -83.54740 -83.59320 -85.03210 -85.94300 -86.76750 -88.65780 -89.81460 -90.75510 -91.70560 -93.29000 -93.83730 -94.17710 -94.18220 -93.70750 -93.20000 -92.14310 -90.60110 -86.16060 -83.27910 -80.18860 -73.25630 -69.67290 -66.05390 -62.35920 -55.09680 -51.58180 -47.97840 -44.44770 -38.04530 -34.91190 -31.77520 -25.61470 -22.73470 -20.01890 -17.29590
-18.19200 -10.37570 -4.20270 -3.98910 -10.81940 -16.86230 -24.47220 -40.62260 -47.61620 -53.93200 -59.55890 -69.22070 -73.07820 -76.19700 -78.57570 -82.57960 -83.11640 -83.30340 -83.21200 -82.82570 -82.36170 -81.81650 -80.76050 -80.31830 -80.12040 -80.49700 -81.64470 -82.28950 -83.04780 -85.08320 -86.10440 -87.10580 -87.97690 -88.48120 -88.78240 -88.86510 -88.78590 -88.04510 -87.19200 -85.87960 -81.62430 -78.67190 -75.57520 -72.17060 -64.90790 -61.21540 -57.50240 -54.41410 -46.90380 -42.13880 -38.36540 -34.78220 -28.20770 -25.02500 -21.99030 -16.62580 -13.99940 -11.76720 -9.54634
-33.46750 -24.07110 -10.06280 -1.20170 -3.34310 -9.23550 -16.85220 -31.40330 -39.32730 -46.72910 -52.77790 -62.83840 -66.92970 -70.28940 -72.94940 -77.86730 -78.67600 -79.18460 -79.46230 -79.23160 -78.80210 -78.35200 -77.30500 -76.99510 -77.16920 -77.39520 -78.10980 -78.58760 -79.22270 -81.12290 -82.05460 -82.90890 -83.64150 -83.61730 -83.89970 -83.93630 -83.58590 -82.46110 -81.27420 -79.77260 -75.20140 -72.02940 -68.77400 -65.09150 -57.57330 -53.82240 -50.08480 -47.17450 -39.95950 -35.34200 -31.74680 -24.26590 -20.74740 -17.36540 -14.33240 -9.42920 -6.89783 -4.91126 -2.99490
-42.23940 -32.93420 -20.74520 -5.51890 .51840 -3.65790 -8.73160 -20.83310 -29.67200 -37.99680 -44.90480 -55.55260 -59.89450 -63.57080 -66.57770 -72.91080 -73.93430 -74.78400 -75.61880 -75.53640 -75.26640 -74.89360 -73.95320 -73.95690 -74.00530 -74.08120 -74.40940 -74.71490 -75.10430 -76.42860 -77.18740 -77.88150 -78.35530 -78.12210 -78.22160 -77.97420 -77.53090 -75.99430 -74.49830 -72.84640 -68.21120 -64.68510 -61.20960 -57.40450 -49.83400 -46.27490 -42.76460 -40.32800 -33.90330 -28.77930 -25.06120 -17.22080 -13.89320 -10.51100 -7.30073 -2.33051 -2.08517 -1.01828 .50286
-53.65350 -46.56030 -38.03550 -27.15650 -8.37490 -3.62580 -2.36440 -10.92250 -20.03810 -30.11620 -37.59010 -47.18880 -51.80780 -55.86900 -59.61130 -67.88020 -69.12860 -70.24170 -71.48700 -71.75600 -71.71320 -71.25920 -70.79010 -71.16060 -70.99980 -70.85560 -70.63770 -70.71920 -70.83670 -71.18260 -71.67550 -72.27050 -72.59210 -71.62240 -71.39020 -70.94810 -70.44040 -68.38230 -66.80380 -65.12610 -60.31640 -56.33260 -52.79550 -48.99630 -41.75420 -38.43610 -35.32740 -33.85610 -27.89780 -20.90500 -16.66400 -12.85570 -10.25560 -7.23703 -3.86182 -.01764 .08062 1.71744 3.38171
-66.44160 -55.04100 -56.53360 -63.98740 -31.22630 -13.35810 -3.86450 -7.79020 -16.06340 -22.93900 -28.61480 -38.17940 -43.07070 -47.86580 -52.38650 -62.53520 -64.09140 -65.60410 -67.37570 -67.76330 -67.79490 -67.75120 -67.90710 -68.27650 -67.96930 -67.65720 -66.80270 -66.47770 -66.18010 -65.92860 -65.93340 -66.25570 -66.18960 -64.37150 -63.94080 -63.12580 -62.28110 -60.09070 -58.39550 -56.70300 -51.57340 -47.29350 -43.62240 -39.80330 -33.38270 -32.71280 -30.99450 -28.65850 -23.94930 -17.22180 -13.05980 -9.84964 -7.50273 -4.51868 -.98700 3.91770 5.99760 6.77870 7.55420
-84.56920 -61.82230 -64.64030 -77.23020 -53.40910 -27.44830 -9.38942 -6.94514 -13.23740 -17.98470 -23.16700 -31.18870 -34.38860 -39.88370 -45.04660 -56.75080 -58.92900 -60.90870 -63.05050 -63.59140 -64.06760 -64.57860 -65.08400 -65.41960 -64.92550 -64.34650 -62.71700 -62.03820 -61.41120 -60.46140 -60.08960 -60.05220 -59.67250 -56.77710 -56.05540 -55.08810 -54.04680 -54.42400 -53.62510 -51.79290 -47.00880 -42.49990 -38.56570 -34.88200 -31.28670 -30.66480 -28.02180 -24.58700 -20.80020 -12.78150 -8.59446 -2.86630 -1.43960 1.11980 4.26590 5.96920 6.18040 4.38240 5.17560
-117.84400 -86.90470 -97.90270 -109.35700 -72.86260 -38.91680 -15.96480 -13.59010 -17.13730 -16.64240 -19.49360 -28.99790 -31.81570 -36.28050 -42.14100 -52.64660 -56.31250 -58.55720 -60.75040 -61.51780 -62.22910 -63.10320 -63.74780 -63.94960 -63.44230 -62.59050 -60.94060 -59.91380 -59.00000 -57.78730 -57.23010 -56.95960 -56.24210 -53.49810 -52.61070 -52.42440 -52.85390 -51.37930 -49.72460 -48.11820 -42.77080 -38.24730 -34.39650 -31.15610 -29.00900 -26.70910 -22.87440 -19.25730 -15.11800 -6.38047 -2.13620 1.82590 2.22970 2.13530 3.77540 4.88630 1.36730 -3.22200 -1.84980
-154.77700 -141.76300 -126.10100 -108.19100 -67.09750 -37.30280 -33.83880 -54.79540 -27.07310 -18.33660 -17.33410 -23.03610 -27.93630 -33.12310 -38.28070 -50.94820 -53.71890 -55.85120 -58.70690 -59.24220 -60.19260 -61.53300 -62.35170 -62.49880 -61.88080 -61.06750 -59.07990 -57.96570 -56.94770 -55.13980 -54.49040 -54.10580 -53.57170 -49.61640 -48.61230 -47.49950 -44.84150 -43.24260 -41.71180 -40.37560 -35.83870 -31.46900 -28.08640 -26.19250 -29.36710 -31.20510 -27.33610 -15.48240 -10.53290 -1.49540 2.12710 1.49650 2.05760 2.49490 .57580 -3.44020 -6.92880 -13.96570 -11.45150
-157.00700 -166.30600 -141.90800 -104.97400 -36.89510 -39.02940 -52.57640 -73.20010 -49.80050 -31.62720 -27.18400 -22.76320 -25.42820 -29.74340 -34.21260 -45.85550 -48.31410 -50.75710 -54.25430 -54.62640 -56.27380 -57.95340 -59.18780 -59.24960 -58.49620 -57.69730 -55.65130 -54.18530 -52.93400 -50.39480 -49.42100 -48.60780 -47.32430 -42.74160 -41.54550 -40.40380 -37.69470 -36.45210 -36.12180 -34.96750 -30.47200 -29.66930 -30.25150 -27.51720 -30.80620 -34.16560 -28.07810 -13.64440 -11.49770 -3.53050 2.26060 -4.26660 -15.09200 -14.02300 -12.14840 -20.69410 -25.61350 -33.96120 -25.33100
