tests/data/surfer-grid.grd
DSAA
      222       182
    0.000000E+00  1105000.000000
    0.000000E+00   905000.000000
     -251.926000      175.437000
[rows 156 to 181 of 182, columns 0 to 58 of 222]
-47.54910 -45.79570 -43.70490 -41.32780 -38.72980 -35.98810 -33.18630 -30.40680 -27.73530 -25.32650 -23.56010 -21.74810 -20.80600 -19.32650 -18.99330 -19.09860 -19.23480 -19.35440 -19.44340 -19.01090 -18.57130 -16.72290 -15.81470 -15.80890 -17.44240 -17.52660 -17.66310 -18.92490 -19.60500 -19.49100 -18.19440 -19.00330 -21.58800 -19.46300 -17.15370 -15.25340 -14.39790 -14.41590 -15.83760 -17.79680 -19.40380 -16.81820 -14.33700 -16.12290 -17.60040 -18.03830 -18.55400 -20.71940 -22.12710 -18.71640 -17.87360 -17.14960 -15.62570 -15.74150 -13.10200 -11.77890 -11.45290 -9.81080 -8.85710
-48.04530 -46.24540 -44.09850 -41.65760 -38.99540 -36.21020 -33.43790 -30.87930 -28.85290 -27.82800 -27.99060 -25.75920 -24.64350 -20.58910 -19.60340 -19.26610 -19.12080 -19.16670 -19.24510 -19.20500 -18.40950 -17.16190 -15.54050 -16.02230 -17.86590 -17.85400 -17.91760 -19.46910 -19.74570 -18.95520 -17.56290 -19.32740 -20.19460 -16.59210 -15.35310 -14.34290 -14.14010 -14.06360 -15.05690 -16.67760 -17.85140 -15.44340 -13.12540 -13.30840 -16.81350 -17.38660 -16.48990 -17.43280 -18.61660 -16.49930 -15.80400 -15.28920 -13.69730 -13.19010 -12.13530 -12.66360 -12.99240 -9.78780 -8.13800
-48.50950 -46.64670 -44.42210 -41.88760 -39.11720 -36.21380 -33.32190 -30.64570 -28.46020 -27.04340 -26.28090 -24.47420 -23.42910 -21.87680 -19.54050 -19.49800 -19.09260 -19.08240 -19.34550 -19.27310 -18.33580 -16.79240 -15.45970 -16.25130 -17.23290 -17.68080 -17.82470 -19.42420 -18.98780 -17.79040 -18.25330 -19.95740 -19.03380 -15.35550 -14.79280 -14.74730 -14.71830 -14.35250 -14.87000 -16.14070 -17.95880 -15.48760 -13.16690 -13.04920 -14.98120 -15.55500 -14.98760 -15.05170 -15.70690 -15.08790 -13.91870 -13.05710 -13.06520 -12.33230 -11.35490 -11.17130 -10.71660 -9.02760 -7.97890
-48.94170 -47.00140 -44.67890 -42.02110 -39.09460 -35.98950 -32.82260 -29.73560 -26.87220 -24.31580 -22.03810 -20.47290 -20.09390 -19.92070 -20.32780 -20.56370 -19.67280 -19.04250 -19.50870 -19.37810 -18.15430 -16.55160 -15.55460 -16.51700 -17.35830 -17.46000 -17.92090 -18.54030 -17.71210 -16.97920 -18.75860 -19.24980 -17.63600 -15.08670 -14.92700 -15.04870 -15.84020 -15.50790 -15.53170 -16.17370 -17.53200 -14.87860 -12.64640 -12.62350 -14.05170 -14.67920 -14.66690 -14.34660 -14.30990 -14.31680 -12.20310 -11.04820 -11.98370 -12.28580 -12.80330 -11.32560 -9.97210 -8.10460 -7.01660
-49.34560 -47.31790 -44.88390 -42.08370 -38.97380 -35.62860 -32.14040 -28.61500 -25.16590 -21.93770 -19.32860 -19.16130 -19.65720 -19.64220 -19.60370 -19.67670 -18.84470 -18.79170 -19.46180 -18.92560 -17.65710 -16.10860 -15.29520 -15.89320 -16.69530 -17.68930 -18.44990 -18.62410 -16.90030 -17.34710 -18.22180 -17.45260 -16.15260 -14.77050 -14.85810 -15.15770 -16.89690 -17.35080 -17.05980 -17.39130 -17.18640 -13.38570 -11.75650 -11.68740 -13.65410 -14.38300 -14.98350 -14.33040 -13.81710 -12.91050 -11.13630 -10.38670 -11.13180 -11.51450 -12.79110 -11.89080 -11.41790 -9.37120 -8.09450
-49.72810 -47.60920 -45.05930 -42.11220 -38.81690 -35.23950 -31.46640 -27.61190 -23.84470 -20.46960 -18.12680 -17.90530 -18.10770 -17.89700 -17.63480 -17.90320 -17.98690 -18.33290 -18.86010 -18.55150 -16.44930 -15.39450 -15.54620 -15.51910 -15.91490 -17.69830 -18.34790 -17.81050 -17.37530 -18.51140 -18.43040 -15.32300 -14.94260 -14.51630 -14.67000 -15.43120 -17.60440 -18.85430 -19.40800 -18.93720 -18.14990 -12.50300 -10.60580 -10.09020 -12.92650 -14.08430 -15.22750 -14.76420 -13.97750 -12.38160 -10.39880 -9.73330 -10.28820 -10.86520 -11.85610 -11.80330 -11.30960 -10.83680 -10.62660
-50.09830 -47.89020 -45.22810 -42.14130 -38.67520 -34.89430 -30.89020 -26.79510 -22.81410 -19.28760 -16.79830 -16.43350 -15.87530 -16.06700 -16.75740 -16.84490 -16.83730 -16.84740 -17.04340 -16.78140 -14.98760 -14.97310 -15.93010 -15.66640 -15.59000 -18.13640 -18.57870 -17.60270 -16.90970 -16.67280 -16.07910 -14.53560 -14.63750 -15.10480 -14.99840 -15.63240 -18.08700 -19.96010 -21.39810 -20.80130 -20.31800 -17.63150 -10.73170 -9.54920 -11.60110 -14.05640 -15.97170 -16.12980 -14.50330 -13.42410 -10.97790 -9.80850 -9.95570 -10.26060 -11.19730 -11.57630 -10.91760 -10.90450 -10.79420
-50.46550 -48.17490 -45.40990 -42.19760 -38.58230 -34.63120 -30.44440 -26.17330 -22.05460 -18.46950 -16.01210 -15.31150 -14.59170 -14.93930 -15.51300 -15.62150 -15.49860 -15.25960 -15.32060 -14.81770 -13.31930 -14.02660 -15.68790 -16.18350 -16.22820 -17.14770 -17.81150 -16.59380 -15.87260 -15.51670 -15.24560 -14.84660 -14.54750 -15.25430 -16.12260 -15.93320 -18.73660 -20.32230 -21.38400 -19.98590 -19.21920 -17.00820 -11.69780 -10.26190 -10.20360 -13.12920 -16.14400 -16.33350 -13.07730 -11.95870 -11.88280 -11.40850 -9.67830 -10.19220 -11.05610 -11.17510 -10.30590 -10.81630 -11.21230
-50.83850 -48.47490 -45.61960 -42.29870 -38.55700 -34.46500 -30.13100 -25.71830 -21.47350 -17.77140 -15.21060 -14.93880 -13.96530 -13.57270 -13.91940 -13.93110 -13.51010 -13.15870 -12.66360 -12.20300 -12.56550 -13.87160 -15.12000 -15.43330 -16.18430 -16.87030 -15.70330 -14.71060 -13.54180 -14.15310 -14.55260 -14.96410 -14.95070 -16.25960 -16.07530 -16.25780 -18.04540 -18.35320 -18.56680 -16.87580 -16.08070 -14.88050 -12.34230 -11.37140 -9.62920 -10.86730 -14.40080 -15.74000 -13.20400 -13.03530 -13.70120 -13.29210 -10.72440 -10.71840 -11.68690 -12.44040 -11.85310 -12.38170 -11.95140
-51.22470 -48.79910 -45.86760 -42.45560 -38.60860 -34.40040 -29.94720 -25.42660 -21.10670 -17.38640 -14.87430 -14.74800 -13.53860 -12.84480 -12.52860 -11.71350 -11.22840 -10.86770 -10.56660 -11.05190 -11.84400 -14.58620 -14.76610 -15.32390 -16.07170 -15.78140 -13.47800 -13.04780 -13.37700 -13.07100 -13.54880 -13.85810 -13.62120 -14.98920 -15.11040 -15.40740 -15.95750 -15.92670 -16.02900 -15.58170 -14.74270 -13.84640 -12.94660 -12.54220 -11.63270 -9.81190 -12.37510 -14.23850 -13.67040 -15.83930 -19.87120 -19.85450 -17.60470 -12.66690 -13.43200 -14.13560 -13.29240 -13.68180 -14.02370
-51.62950 -49.15360 -46.16030 -42.67440 -38.74090 -34.43520 -29.87790 -25.26010 -20.88340 -17.21800 -14.93740 -14.60390 -13.33110 -12.51190 -12.31550 -12.11340 -10.62370 -9.89324 -10.98590 -12.43810 -13.70350 -15.07960 -14.44510 -14.38310 -15.40210 -15.42400 -13.05030 -13.39600 -13.45800 -11.64920 -12.37770 -12.68410 -12.86040 -13.59600 -14.01910 -14.83400 -15.74600 -15.34010 -15.17190 -14.79270 -14.34240 -14.02150 -14.34440 -13.77320 -12.63170 -10.83490 -11.72520 -11.48820 -11.59550 -15.76730 -21.39380 -22.81560 -21.65750 -18.28590 -18.36430 -15.96440 -13.36540 -13.08490 -14.17120
-52.05590 -49.54170 -46.50140 -42.95860 -38.95680 -34.56860 -29.91020 -25.16490 -20.62270 -16.74300 -14.21620 -13.82060 -12.84660 -12.04760 -11.40620 -10.72480 -9.96176 -10.07800 -11.54170 -14.14090 -14.72870 -15.27390 -14.89630 -13.78800 -15.11470 -15.23410 -12.49320 -12.57400 -12.23060 -12.23020 -12.72950 -13.20220 -13.87710 -13.82420 -14.13600 -14.64170 -15.03680 -14.85460 -14.97440 -15.09410 -14.69840 -14.84480 -15.46630 -14.84940 -12.94790 -10.43280 -9.67680 -8.87260 -8.57160 -12.16350 -16.62320 -19.38160 -21.70980 -21.40920 -22.22180 -21.59830 -17.58410 -14.05350 -11.63980
-52.50460 -49.96400 -46.89160 -43.31000 -39.26080 -34.81250 -30.07210 -25.20290 -20.45640 -16.24060 -13.30300 -13.32520 -12.89350 -12.25500 -11.54820 -10.42190 -9.69537 -10.29040 -11.26940 -13.96610 -14.67420 -14.56090 -14.25340 -13.33950 -13.18160 -12.77040 -11.57410 -11.62840 -12.42760 -14.90480 -15.17420 -15.40740 -15.70750 -15.49750 -15.43200 -15.65610 -15.93340 -14.90180 -14.19390 -13.68540 -14.01600 -14.49900 -14.82950 -14.45120 -12.59190 -10.22830 -9.35050 -8.43400 -6.52340 -6.73520 -10.42890 -14.61320 -18.67350 -18.44560 -19.35820 -25.61870 -24.23060 -19.19920 -11.79030
-52.97370 -50.41780 -47.32760 -43.72590 -39.65410 -35.17920 -30.40540 -25.48900 -20.66750 -16.32580 -13.20100 -13.20380 -12.92920 -12.72310 -11.95920 -11.00530 -10.69250 -11.39760 -12.60370 -14.59460 -14.45780 -13.78540 -12.79280 -11.89170 -12.22520 -13.23210 -14.53280 -16.03450 -16.30300 -17.53570 -17.91570 -17.96430 -17.41520 -16.86500 -16.64550 -16.52250 -15.83730 -14.00090 -12.69760 -11.88910 -13.10560 -13.55830 -15.15650 -14.49480 -12.76860 -11.07040 -10.34680 -9.20033 -7.61770 -5.41690 -5.30040 -8.10890 -10.59310 -12.87450 -13.93260 -16.31020 -24.59120 -22.81710 -15.12650
-53.45850 -50.89690 -47.80140 -44.19620 -40.12440 -35.65630 -30.90130 -26.02740 -21.29520 -17.12580 -14.20900 -13.43270 -13.47560 -13.61270 -12.62600 -12.45040 -12.21300 -12.43890 -13.19220 -13.86080 -13.16310 -12.81560 -12.11250 -12.75510 -15.69150 -19.54160 -20.02820 -19.58350 -19.39070 -20.29480 -20.38370 -20.00560 -19.33540 -18.97310 -18.91780 -18.77600 -17.82070 -14.21690 -12.43220 -11.11880 -10.91780 -10.91060 -12.04120 -13.66320 -12.82950 -12.21540 -11.72370 -10.20490 -8.48107 -5.93094 -4.29689 -5.29985 -6.29183 -7.28650 -11.82510 -14.94610 -19.85540 -21.96010 -18.15370
-53.95260 -51.39240 -48.30050 -44.70320 -40.64600 -36.20280 -31.48820 -26.67500 -22.01990 -17.89320 -14.78590 -13.20340 -13.60770 -13.96100 -13.60860 -13.40080 -13.41090 -12.86620 -12.80140 -12.74420 -11.53790 -11.01340 -12.18510 -13.63820 -17.68410 -20.84830 -21.30720 -21.16550 -21.37900 -22.15230 -22.28960 -21.58000 -21.08070 -20.99330 -20.81620 -19.84680 -19.32780 -18.97760 -16.60100 -14.37510 -11.37380 -10.21180 -10.66060 -13.29700 -13.20500 -12.70560 -11.58360 -11.25420 -9.89440 -7.29870 -4.66060 -4.92510 -4.81310 -5.07657 -8.89908 -12.70010 -15.44860 -18.11320 -16.15310
-54.44850 -51.89370 -48.81030 -45.22610 -41.18840 -36.77260 -32.09400 -27.32160 -22.69660 -18.54810 -15.29180 -13.38680 -13.32190 -13.26520 -13.20420 -13.29890 -13.67380 -13.55730 -12.97850 -13.41250 -13.07640 -13.32690 -14.26520 -16.67630 -19.13470 -21.35520 -21.30990 -21.61430 -23.12180 -24.79160 -24.45520 -23.80430 -22.90350 -22.47610 -21.53240 -19.83860 -19.04570 -18.82180 -18.48470 -17.65580 -14.36930 -11.62520 -10.77770 -11.60630 -11.59850 -11.58670 -11.15060 -11.51140 -10.60870 -8.58590 -7.89660 -5.02560 -2.04440 -1.82670 -5.50860 -10.44500 -13.95350 -15.71490 -14.99260
-54.93820 -52.39030 -49.31660 -45.74600 -41.72600 -37.33110 -32.67280 -27.91020 -23.26460 -19.03560 -15.61690 -13.47610 -12.91230 -12.83800 -13.07000 -13.67680 -14.61670 -16.51920 -16.80480 -16.71680 -17.55460 -16.97970 -15.35850 -17.21040 -19.15620 -20.89830 -22.41730 -24.54590 -24.50320 -24.81580 -25.53390 -25.70540 -25.54500 -24.18300 -22.90460 -20.93250 -20.14560 -18.99660 -17.41700 -17.38910 -15.61050 -14.16910 -14.11850 -11.10460 -10.53310 -10.54240 -10.56130 -10.87050 -10.63800 -9.83930 -10.30320 -6.34650 -2.55960 .13810 .42330 -1.85840 -10.38820 -12.78510 -13.87860
-55.41460 -52.87300 -49.80800 -46.24860 -42.24180 -37.86010 -33.20880 -28.43490 -23.73590 -19.37560 -15.72010 -13.31970 -12.90210 -13.54770 -15.03430 -16.40480 -17.42170 -19.52760 -20.34230 -20.22440 -18.52020 -18.72840 -20.45410 -21.05560 -21.68430 -23.54900 -24.49690 -25.37010 -25.30440 -25.54700 -26.56070 -26.73860 -26.17150 -25.06630 -24.01500 -22.98580 -22.04630 -20.98020 -18.00900 -16.15370 -15.23170 -17.05710 -17.15330 -14.87380 -13.89540 -12.78250 -10.46830 -10.08100 -10.44400 -10.34400 -10.29280 -6.97830 -4.37570 -.24850 .39170 -.36120 -4.67920 -7.56990 -10.24740
-55.87160 -53.33470 -50.27590 -46.72450 -42.72690 -38.35390 -33.70750 -28.92770 -24.19840 -19.75410 -15.89930 -13.14620 -13.24040 -14.24130 -16.04120 -18.07630 -19.52850 -20.51870 -21.09890 -21.05600 -18.59340 -18.74070 -21.86720 -24.52610 -23.96880 -23.99480 -23.81750 -24.00970 -24.05630 -24.65170 -27.36870 -27.80670 -26.38930 -25.12780 -24.18590 -23.68800 -23.13300 -22.08560 -19.00040 -17.42320 -16.40690 -17.88570 -17.00020 -17.18660 -17.05440 -16.29000 -13.63140 -11.87750 -11.30370 -11.97050 -11.87590 -8.47930 -6.77870 -5.63800 -4.08060 -3.76300 -1.23330 -4.38980 -8.45890
-56.30480 -53.77020 -50.71470 -47.16770 -43.17590 -38.80980 -34.17290 -29.41050 -24.72530 -20.40460 -16.87380 -14.78810 -14.99360 -15.86080 -16.76350 -18.70980 -19.19830 -18.90950 -19.10640 -19.44160 -19.90080 -18.81360 -19.37770 -21.90660 -21.56220 -23.04020 -23.09570 -23.06930 -22.96370 -23.65530 -24.75260 -27.33220 -27.12240 -24.20960 -22.99930 -23.01670 -22.74700 -21.74380 -19.88290 -18.80270 -18.72060 -18.45030 -18.04300 -17.83970 -18.92410 -18.49850 -17.11710 -15.75710 -15.03690 -15.39330 -15.50310 -11.81760 -10.39740 -10.55330 -8.36310 -6.90420 -2.85350 -2.66470 -5.47860
-56.71170 -54.17680 -51.12130 -47.57510 -43.58500 -39.22210 -34.59130 -29.84330 -25.19480 -20.96270 -17.61480 -15.77600 -15.75370 -16.66710 -17.20160 -18.27010 -18.53530 -18.69910 -17.55610 -17.15850 -16.56010 -16.30570 -16.03830 -18.14040 -18.94980 -19.93060 -19.53940 -19.12410 -19.05430 -20.15680 -21.20620 -25.92330 -27.51120 -22.39770 -20.78910 -20.69140 -20.59980 -20.26870 -19.55720 -18.92950 -19.02010 -18.88560 -18.53150 -18.51270 -19.58520 -18.15300 -18.11790 -17.87970 -18.38340 -18.17560 -18.73970 -14.91140 -13.98460 -13.58620 -11.18950 -10.24360 -7.03430 -3.90790 -3.33310
-57.09210 -54.55400 -51.49520 -47.94620 -43.95370 -39.58830 -34.95380 -30.19830 -25.53130 -21.24860 -17.76850 -15.68970 -16.04670 -16.34920 -16.45070 -16.93890 -16.80220 -16.32580 -15.20220 -15.22920 -14.56370 -13.77630 -12.98600 -13.47400 -14.26780 -14.86970 -13.19260 -12.87970 -13.76770 -15.72430 -17.54620 -23.35540 -24.75090 -20.57610 -19.19460 -18.57550 -17.22170 -17.12000 -18.17770 -19.21430 -19.17850 -19.18730 -18.63040 -18.74300 -19.03370 -17.77010 -17.80810 -18.42900 -19.95210 -18.60130 -19.95260 -17.35330 -16.75130 -16.27430 -14.68690 -13.97820 -10.36870 -7.76450 -5.30650
-57.44870 -54.90430 -51.83920 -48.28460 -44.28670 -39.91530 -35.27180 -30.50000 -25.80060 -21.45560 -17.87670 -15.73130 -16.28530 -16.25870 -16.29630 -16.44360 -16.64540 -16.10320 -14.18700 -13.55710 -13.69690 -12.90970 -12.55820 -12.68810 -12.97230 -12.97520 -11.05210 -11.21260 -11.61880 -14.07110 -15.19610 -19.23790 -20.16090 -19.03320 -16.76180 -17.59640 -18.26070 -18.18510 -18.51620 -19.02920 -19.41550 -19.24060 -17.88310 -18.52070 -18.78310 -17.04960 -17.53470 -18.57970 -19.75480 -19.64220 -20.15720 -19.14380 -18.56500 -17.92840 -16.70810 -15.28530 -12.37260 -9.46408 -6.46877
-57.78770 -55.23370 -52.15990 -48.59790 -44.59380 -40.21650 -35.56610 -30.78520 -26.07360 -21.71280 -18.10920 -15.89340 -16.29740 -16.64730 -16.91290 -16.86990 -16.83110 -16.56660 -16.01010 -15.14550 -15.12760 -13.78600 -13.29350 -12.83050 -12.31530 -11.61930 -10.35960 -10.19620 -10.69610 -12.32370 -13.76390 -16.13510 -17.17230 -17.05120 -16.32970 -17.08740 -18.02710 -18.44540 -18.77090 -19.08860 -19.26620 -18.97950 -18.20570 -18.28760 -18.22850 -17.48050 -17.82670 -18.75390 -19.74260 -20.20120 -20.55700 -20.24510 -19.79390 -19.08730 -17.88680 -16.15780 -13.55280 -10.63140 -7.68746
-58.11950 -55.55280 -52.46920 -48.89990 -44.89030 -40.50890 -35.85610 -31.07710 -26.38010 -22.06840 -18.58660 -16.54910 -16.49690 -16.91290 -17.25850 -17.29870 -17.27590 -17.22450 -17.04680 -16.44120 -15.96400 -14.72280 -13.82470 -12.92680 -11.94020 -10.89440 -9.87575 -9.56785 -9.97670 -11.12180 -12.46720 -14.07580 -15.14690 -15.63450 -15.88810 -16.76760 -17.81010 -18.51050 -18.92880 -19.16940 -19.20590 -18.91360 -18.41690 -18.23750 -18.07650 -17.83250 -18.18190 -19.00200 -19.92410 -20.61190 -21.03960 -21.04970 -20.72330 -20.00580 -18.77210 -16.93880 -14.45580 -11.60480 -8.76239
