tests/data/surfer-grid.grd
DSAA
      222       182
    0.000000E+00  1105000.000000
    0.000000E+00   905000.000000
     -251.926000      175.437000
[rows 0 to 25 of 182, columns 118 to 176 of 222]
46.50170 44.95680 44.69080 46.03060 45.98700 44.53150 41.58690 39.94280 39.13360 38.33220 36.67540 31.75190 25.33040 18.14690 14.63610 15.61090 14.33850 12.62030 12.58590 13.11040 13.06120 12.57830 12.82730 14.70490 18.40570 23.76190 23.82540 19.82320 12.24160 2.61696 -7.47649 -12.85950 -15.85140 -17.71700 -19.04270 -21.55520 -29.14990 -44.21970 -63.59940 -77.93990 -82.07900 -81.10340 -72.62970 -57.48480 -44.28680 -37.09290 -39.04030 -44.30060 -44.54290 -42.56820 -41.20040 -36.84300 -29.62050 -21.78720 -15.08380 -10.40250 -7.44843 -5.33558 -3.19328
44.60190 43.71740 43.69150 44.53330 43.96040 42.76580 39.47820 38.29470 37.66870 36.84880 35.68340 31.13730 26.14460 19.12640 15.35850 16.84700 13.55420 10.59590 10.64550 11.87960 13.31300 13.52950 13.83100 14.95480 17.59300 24.44220 23.52560 19.15520 11.44750 1.10740 -12.15790 -16.07830 -18.47440 -20.15960 -21.18000 -22.51790 -29.70420 -46.23220 -68.58530 -81.83020 -79.07600 -78.14560 -70.01090 -51.93600 -38.90520 -30.88860 -36.29310 -46.59170 -46.62890 -45.54640 -47.53580 -41.84530 -31.73940 -22.09780 -14.52200 -10.03180 -7.68063 -6.10572 -4.07641
43.00410 42.04280 41.61800 41.13180 40.48540 39.69890 37.82830 36.91650 36.16910 35.18370 32.16050 29.61870 26.71000 23.17860 19.82750 16.74820 11.57590 8.52030 7.68740 8.86270 14.01960 15.75190 16.62470 16.10790 17.42320 23.38000 22.42140 17.16770 10.92370 .17740 -18.73240 -19.27840 -21.40150 -22.62530 -23.79290 -24.16790 -31.94790 -50.60640 -76.52690 -86.64670 -70.61990 -71.49130 -65.55120 -43.99390 -34.40000 -23.91490 -32.67920 -48.99970 -47.64000 -49.72770 -58.34370 -48.30960 -33.28590 -21.92400 -13.39690 -9.53603 -8.05484 -7.19961 -5.35436
41.25530 40.49850 40.16180 39.69160 39.10820 37.69090 36.90560 35.94450 35.22990 34.09290 30.10330 27.86910 25.85330 23.39170 21.93500 17.47900 11.29760 6.94250 6.43040 9.10330 15.10350 17.38290 18.93520 18.82020 20.46060 23.11180 21.10200 15.41380 11.35520 5.64270 -14.94660 -23.95660 -26.30670 -22.10890 -23.09230 -29.14770 -47.95340 -72.95570 -85.01660 -72.74760 -61.67590 -48.96340 -42.22150 -40.61020 -35.78890 -33.85940 -33.49360 -28.72990 -43.57730 -69.76220 -74.50930 -52.35920 -32.30120 -22.10220 -12.91190 -10.21220 -9.00837 -8.33607 -6.79542
39.15540 38.67060 38.39150 38.03730 37.58050 36.39010 35.65840 34.68510 33.92570 32.56560 27.61250 25.58550 24.80240 22.54070 21.26210 17.89070 10.56230 3.45570 1.20190 4.12270 14.48850 18.29390 21.36860 21.84970 22.95030 22.75910 17.56810 7.59470 3.25290 -4.36140 -12.60410 -22.28400 -22.42280 -22.49610 -37.47940 -44.03590 -52.31840 -58.18230 -67.27560 -52.57290 -39.75060 -35.44270 -38.03930 -42.31400 -33.02870 -32.86270 -30.90600 -24.23070 -28.52450 -49.10560 -49.30970 -37.96350 -30.58840 -26.79750 -19.22710 -15.96120 -11.02990 -7.32133 -5.02819
35.74580 34.53970 35.34660 35.62160 35.45810 34.78240 34.21500 33.22590 32.33060 30.94980 26.84220 24.60990 24.09110 23.67140 23.12170 19.13910 12.17070 2.79060 -3.24300 7.30660 14.46060 18.76220 21.95590 22.40700 22.21170 18.78850 7.46360 -7.86960 -9.88070 -4.71010 -10.21550 -13.98610 -20.37280 -38.05880 -51.10010 -47.33450 -38.31690 -34.45790 -40.49450 -27.27040 -29.05280 -39.88750 -47.01820 -51.97950 -41.60680 -38.60160 -35.76730 -27.39060 -27.03390 -30.06500 -29.30560 -28.24260 -28.62950 -25.05480 -21.86480 -18.86520 -13.21290 -8.16088 -3.10914
32.73010 32.04140 33.04210 32.75240 32.21580 32.43920 31.68900 30.66530 29.88080 28.57920 25.31320 23.32990 22.05600 21.68050 20.89320 18.16020 13.12880 4.45033 -.81568 7.22542 13.77430 18.50140 22.50030 22.62430 15.49810 10.32640 -.68400 -12.54160 -10.62610 -.69230 -2.50600 -7.88420 -23.52210 -42.30560 -52.51890 -49.48700 -33.39900 -27.51950 -28.19970 -29.60100 -43.40480 -62.53480 -56.37590 -47.88250 -48.88390 -51.37430 -42.00100 -33.73970 -26.31540 -25.54040 -25.75440 -26.89650 -26.91920 -23.68260 -20.64890 -17.36010 -12.76530 -9.10698 -4.48471
33.87150 33.20070 32.00000 29.80330 29.06660 29.20400 27.68440 26.11550 24.85890 22.32960 19.96700 17.42190 15.82740 15.98000 17.74510 16.05440 12.16060 6.29300 .52740 9.62270 14.46020 18.63090 22.34450 22.02040 6.51330 .98270 -5.06920 -11.88010 3.31490 1.44430 -7.75860 -23.05800 -30.14040 -47.49720 -49.37570 -45.53240 -32.05650 -32.89170 -49.68610 -43.05120 -54.16230 -71.91630 -73.77960 -81.53120 -81.88790 -70.69000 -49.41300 -38.81640 -31.47650 -28.93670 -27.60430 -28.53940 -27.57940 -21.94170 -19.11800 -16.32900 -12.87850 -7.79095 -4.71948
34.65310 33.37920 31.87280 30.05160 29.16260 27.40420 24.68380 21.54530 20.94330 18.14480 16.22980 13.58950 12.33000 13.58150 15.89970 13.65410 11.60060 10.99340 10.91970 15.35670 18.25710 20.15770 21.52450 13.49940 6.22130 3.81370 -5.04960 -11.26740 5.52930 -2.59320 -22.72090 -48.70560 -48.69840 -49.45700 -45.00700 -37.44340 -36.51070 -47.33550 -54.44130 -48.25750 -65.24370 -88.75080 -102.67400 -113.50200 -92.96070 -64.66890 -47.86490 -37.15850 -34.23630 -31.78140 -29.38090 -28.49160 -24.14020 -21.05660 -18.38080 -16.31650 -13.48610 -8.77936 -5.57173
33.59090 32.21080 31.30400 30.62610 27.69840 26.01390 22.19150 19.58850 19.46980 17.04210 14.13020 10.05730 8.35570 9.65730 9.91520 7.59100 8.05190 11.85640 15.86520 19.90620 19.33960 18.13210 17.82650 14.83250 15.49670 13.43460 2.09930 -3.18490 -1.96810 -18.71920 -36.47700 -52.73990 -53.07690 -35.69600 -37.30360 -36.54240 -43.00950 -63.42210 -70.75650 -80.34800 -96.61840 -93.51670 -83.07020 -81.10210 -68.38380 -51.29970 -42.62420 -37.25680 -34.41690 -32.46630 -31.04470 -28.82020 -23.79890 -21.15100 -18.61680 -15.58620 -10.83710 -8.45450 -6.20160
30.79310 29.44950 27.76620 28.38200 27.02300 25.35680 21.72060 18.32120 19.51160 15.70330 9.99540 5.32580 4.32310 6.58080 7.48200 3.65370 3.17190 8.82770 20.43980 19.60910 13.30730 9.95430 11.40060 17.73170 18.26250 13.02210 5.72600 4.07150 -13.09860 -30.38050 -37.06210 -42.84730 -41.82530 -33.60770 -32.87090 -34.34630 -39.84180 -66.74140 -69.64630 -79.39780 -83.16840 -74.47310 -46.84870 -44.72790 -46.30520 -45.12110 -42.42640 -39.48180 -36.41640 -33.78560 -31.78650 -29.31380 -24.55730 -21.54510 -19.07310 -16.47620 -11.05140 -8.71090 -6.46230
29.80510 28.17310 26.66150 26.44810 25.11750 24.64500 21.95050 18.35550 18.48030 13.22720 7.09700 2.09710 1.29650 8.62070 6.22360 1.31670 .40810 6.21150 19.64830 16.59440 8.13260 5.95690 8.58130 13.42900 8.66760 2.72090 -1.18380 -7.29870 -19.06560 -32.98820 -35.38770 -36.82110 -37.67500 -36.06870 -33.93950 -34.34560 -39.56700 -77.21600 -77.06410 -66.43570 -61.26490 -60.43370 -40.16050 -39.03290 -42.78530 -44.33160 -43.64280 -42.49600 -39.51710 -35.76910 -31.97740 -28.18220 -23.99580 -21.39450 -18.74650 -16.30680 -10.93380 -8.65240 -6.40520
29.51350 27.47480 24.56610 20.43120 17.47690 19.55570 19.95720 16.36810 13.95060 9.45730 5.03900 1.02200 -.20930 3.79900 1.11640 -.90400 1.52910 7.99810 19.18620 13.14470 5.34160 6.24230 8.49260 10.12120 3.30580 -1.45850 -4.73130 -11.32690 -21.15860 -33.22200 -33.76640 -35.07250 -45.25690 -51.90050 -46.10820 -39.71350 -42.35360 -98.67150 -102.19600 -77.85150 -63.57870 -48.90840 -42.51840 -41.13290 -44.82170 -47.07810 -43.87200 -41.69920 -39.10480 -35.08300 -29.14120 -26.71840 -24.09400 -21.34060 -18.52180 -15.91120 -10.58920 -8.27260 -6.08590
30.58800 27.84260 24.77350 19.10330 11.01270 9.76160 10.45890 7.44810 2.57450 -1.19910 -.04140 1.36510 1.77940 .43650 -1.60190 2.13730 8.22530 12.62950 15.48310 11.94990 8.13710 10.04820 12.02640 9.82470 1.89980 -2.17018 -5.43488 -15.31580 -21.11790 -37.90890 -40.85830 -34.74350 -41.93140 -53.25920 -54.25720 -44.02010 -79.40020 -103.41600 -93.54830 -73.99830 -64.70150 -61.27150 -50.52330 -46.24920 -45.71990 -45.90000 -43.55890 -41.19660 -38.64020 -35.79070 -29.78800 -27.07550 -24.22080 -21.26200 -18.32830 -12.75110 -10.16310 -7.85470 -5.71810
31.36280 29.61740 27.64480 23.53840 12.96600 5.30220 -.44890 -6.40620 -9.89610 -10.42850 -3.15690 2.40060 2.38080 -1.28080 .86560 7.45690 11.50070 6.20840 4.75290 6.86640 8.82270 12.74410 12.19580 6.74413 -.41013 -1.27970 .74980 -10.64670 -16.09240 -30.73110 -40.25460 -28.01740 -32.71570 -39.46530 -52.98930 -57.48740 -74.34490 -76.59380 -68.51780 -62.71220 -66.90590 -69.22250 -55.87170 -49.62440 -46.77210 -45.08450 -43.41120 -40.54500 -37.21620 -34.60530 -29.39930 -26.52720 -23.51870 -20.50860 -17.59630 -12.14870 -9.60860 -7.36110 -5.36760
30.13640 27.84600 27.09990 22.53430 16.18880 4.78030 -9.76570 -19.01650 -22.35750 -15.35700 -3.57350 3.11870 1.71260 -4.03040 3.31370 9.12940 9.95530 .29450 -2.03050 .94400 6.79307 12.49690 11.00900 3.00120 -4.39020 -1.23890 6.85130 -1.30050 -12.68120 -21.28780 -26.06520 -26.95980 -29.52680 -39.83180 -59.07530 -70.19650 -61.19130 -57.35280 -50.15010 -48.62540 -70.07940 -63.89330 -54.06630 -49.95020 -46.95950 -44.32130 -43.58740 -40.13380 -36.62010 -34.03790 -28.64360 -25.64160 -22.57440 -19.58560 -14.00370 -11.45920 -9.01040 -6.87910 -5.10360
26.23690 21.88630 22.70040 21.72690 17.18910 6.88080 -6.36240 -15.35160 -33.74480 -24.16500 -10.40290 -4.00280 -4.87980 -1.12290 5.55850 8.22010 6.97340 .74677 -1.32967 .92040 6.20350 12.67620 7.06030 -1.25660 -1.93660 3.55210 8.78500 -3.97860 -22.62090 -25.09620 -20.78020 -29.32940 -32.02480 -48.32210 -68.06850 -77.71240 -61.73390 -52.11080 -42.65130 -40.04730 -50.68800 -54.23410 -50.70690 -49.11290 -46.92170 -44.66460 -42.80100 -38.75940 -35.70170 -30.34120 -27.37450 -24.32130 -21.31160 -18.42600 -13.07370 -10.60060 -8.23100 -6.19510 -4.61480
24.48390 20.58250 21.62750 22.12060 20.09070 14.74300 8.11040 -.92760 -26.62250 -20.29540 -10.13660 -6.21450 -4.11370 .85650 5.41073 6.17916 3.79770 .77830 .80620 3.28410 8.66910 11.59210 5.88900 2.76720 3.93450 5.47880 5.61650 -14.53630 -33.91300 -31.64150 -26.33750 -30.27640 -41.39290 -51.00820 -69.76790 -89.55550 -63.69410 -52.47340 -46.20410 -41.33600 -45.04460 -48.98140 -45.37550 -44.08180 -44.21820 -42.82780 -40.61730 -36.91920 -34.17870 -28.57870 -25.58140 -22.61330 -19.77970 -17.09160 -12.05390 -9.56880 -7.16930 -5.23240 -3.66118
21.77920 20.66480 21.58750 22.43290 21.21450 16.99760 11.99610 6.87640 -7.14830 -4.56160 -4.11571 -3.91202 -2.76722 2.98280 5.81280 4.79260 1.58970 -.67710 3.04520 6.99740 10.69350 9.70360 5.18470 3.78390 5.73890 7.15820 .61640 -18.96820 -33.35270 -33.71360 -34.77210 -45.18410 -56.37520 -55.16440 -70.75270 -80.80790 -59.72660 -51.25330 -45.97650 -41.95510 -42.08630 -41.29300 -40.86780 -41.47150 -42.19950 -39.91700 -37.72290 -34.63010 -32.00320 -26.36090 -23.47110 -20.67610 -18.03630 -13.21230 -10.92280 -8.62870 -6.65931 -4.80810 -2.82750
10.05550 11.92400 15.41060 18.00420 17.31210 11.43080 6.37390 4.76258 .13741 .70882 -1.06440 -2.56580 -3.14560 4.67550 5.48910 2.92890 1.56370 3.22800 6.41010 9.53520 11.13340 7.97520 3.34470 3.92260 7.42740 5.84040 -2.10620 -16.42030 -28.26310 -34.19600 -47.76880 -49.86270 -52.96880 -60.21910 -71.94550 -72.74480 -58.76090 -52.07460 -48.36050 -48.38080 -47.85240 -45.88230 -44.60840 -43.75590 -40.39240 -36.65920 -34.36880 -31.77640 -26.55480 -23.82200 -21.14530 -18.55620 -16.13880 -11.73640 -9.96233 -8.16205 -6.51270 -4.84430 -2.46960
1.07240 3.37050 7.25820 13.45890 14.63390 10.46350 6.57557 4.45370 2.73270 3.79300 1.16650 -4.56710 .23570 6.09720 6.62250 5.33630 6.55790 8.26540 9.88990 10.54210 10.77870 8.69050 5.97640 6.71370 7.19550 -6.85140 -10.84400 -19.51030 -31.91720 -36.64870 -49.54630 -38.90850 -46.17330 -61.76470 -78.59670 -69.21340 -54.20440 -49.33870 -50.62680 -51.14390 -49.99030 -47.61240 -46.37070 -45.09300 -41.42480 -35.43080 -31.56430 -28.76250 -23.65220 -21.07710 -18.62190 -16.29660 -13.93890 -11.25470 -9.68900 -7.82530 -6.28810 -4.00860 -2.92630
.44194 3.95803 10.31130 14.54930 15.52810 11.85550 9.55450 7.65330 6.01480 3.95440 -.73190 -4.06960 4.05770 6.87180 6.35180 6.60080 7.46150 7.87750 9.41850 9.98690 7.96460 8.08030 8.05870 6.87070 2.32990 -17.65900 -20.19850 -24.13630 -34.87350 -44.13900 -47.56340 -38.82360 -39.83180 -53.55520 -66.85360 -59.95420 -50.48390 -47.45490 -48.07800 -46.96910 -46.59310 -45.13330 -43.80220 -43.86090 -38.83290 -32.45150 -28.40220 -25.64390 -20.73410 -18.31650 -16.93200 -14.88110 -12.07800 -10.17550 -8.45330 -6.99350 -5.88350 -4.39960 -3.74650
3.58510 5.11450 9.56920 13.14870 14.25140 14.90860 15.62240 9.78090 6.46510 1.94690 -.59380 3.22150 5.27760 5.97300 5.55080 6.35150 7.80500 7.10650 6.92630 7.05240 2.32780 3.06790 4.28170 2.11470 -3.85850 -20.95030 -24.66520 -26.94360 -36.60150 -51.10540 -49.65950 -39.75340 -37.07960 -44.44690 -59.31580 -50.96250 -46.53360 -44.79460 -41.97160 -41.33950 -41.34810 -41.32970 -41.22660 -39.83710 -33.44630 -28.02320 -24.95700 -20.23750 -18.53640 -17.09950 -16.08920 -14.01890 -10.32350 -8.75660 -7.39080 -6.24960 -5.41670 -4.53650 -4.29690
7.07680 8.42900 10.72240 11.79020 12.50390 14.39180 15.52590 9.55630 5.62720 1.52330 1.48880 5.37190 5.29720 5.27880 5.36370 5.65130 4.10920 1.35280 -.35300 -.99170 -6.80040 -2.88720 -2.78540 -6.85480 -10.64910 -21.38340 -25.01450 -25.36720 -32.43300 -50.16290 -48.75260 -42.20040 -38.66130 -50.64350 -47.58880 -43.54460 -43.25160 -42.93100 -38.89110 -38.16970 -38.46810 -38.20240 -38.19740 -34.20790 -28.95290 -24.59940 -21.87320 -19.11820 -17.91980 -15.71600 -13.73320 -11.93680 -8.85170 -7.64710 -6.65050 -5.83220 -4.89190 -4.71260 -4.65980
5.37360 7.67410 12.73840 13.00500 14.05940 14.76730 14.52480 9.80690 6.29740 3.44670 3.75780 5.56490 5.17440 5.46590 5.12520 -.18980 -2.95350 -4.07990 -8.13600 -10.04610 -10.31050 -8.28250 -8.20301 -11.92770 -15.90110 -24.41270 -28.52450 -31.43360 -36.69820 -47.61260 -46.92530 -39.32300 -37.77220 -44.25690 -38.53480 -37.14470 -37.97080 -38.53640 -35.73060 -35.47990 -35.34170 -34.29060 -31.03920 -28.06500 -25.77330 -22.74900 -19.66210 -17.52300 -15.37380 -13.36770 -11.62700 -8.77610 -7.65330 -6.76670 -6.18550 -5.72730 -5.23850 -5.16630 -5.20640
4.89150 5.99520 11.78320 13.02190 14.03020 13.52360 10.93540 8.72920 4.74100 2.10570 3.22930 5.26810 5.11940 3.59230 -1.92100 -12.23740 -11.26090 -9.48180 -10.02930 -10.55610 -9.95381 -10.71880 -12.44660 -16.94300 -18.39970 -23.63760 -28.44290 -37.42360 -46.67450 -45.89050 -41.46220 -36.71410 -40.74260 -41.69810 -36.57030 -34.84200 -35.10190 -33.98600 -33.99550 -33.37810 -32.22880 -30.89630 -28.81460 -26.31490 -24.49430 -21.60140 -17.39490 -15.31680 -13.32920 -11.50320 -9.98380 -7.69810 -6.88870 -6.32550 -6.04750 -5.78290 -5.76570 -5.75250 -5.80960
